function out =temp_fn_22(t1,om_r) 
out =0.000000016827863787.*om_r.*(exp(-15.2321195394.*t1).*(cos(16707.7567356.*t1) + sin(16707.7567356.*t1).*(0.0 - 1.0.*i)).*(0.00518229620893.*i + 0.00592526032662) + exp(-24.5996096815.*t1).*(cos(17332.0622385.*t1) + sin(17332.0622385.*t1).*(0.0 - 1.0.*i)).*(0.994074739673 - 0.00518229620893.*i)) - 0.000000016827863787.*om_r.*(exp(-15.2321195394.*t1).*(cos(16707.7567356.*t1) + sin(16707.7567356.*t1).*(0.0 - 1.0.*i)).*(0.994074739673 - 0.00518229620893.*i) + exp(-24.5996096815.*t1).*(cos(17332.0622385.*t1) + sin(17332.0622385.*t1).*(0.0 - 1.0.*i)).*(0.00518229620893.*i + 0.00592526032662));