function out1 = testfn(om,om_c,om_rel)
%TESTFN
%    OUT1 = TESTFN(OM,OM_C,OM_REL)

%    This function was generated by the Symbolic Math Toolbox version 5.11.
%    27-Aug-2014 12:25:56

t2 = om_c-om_rel;
t3 = om_c+om_rel;
t4 = sqrt(2.0);
t5 = om.*1i;
t6 = t5+1.378137777196584-1.673257296380673e4i;
t7 = 1.0./t6;
t8 = t3.^2;
t9 = t2.*t3.*(1.0./2.0);
t10 = t2.*t4.*(8.366286481903366e3+2.067206665794876i);
t11 = t8.*(1.0./2.0);
t12 = t3.*t4.*(8.366286481903366e3+3.44534444299146i);
t13 = t5+1.378137777196584+1.673257296380673e4i;
t14 = 1.0./t13;
t15 = t2.*t4.*(8.366286481903366e3-2.067206665794876i);
t16 = t3.*t4.*(8.366286481903366e3-3.44534444299146i);
t17 = t9+t11+t15+t16+-1.139558239761805e1-4.611958182224053e4i;
t18 = 1.0./t17;
t19 = t2.*t4.*(8.676927332067991e3-2.746356599529749i);
t27 = t2.*t4.*(-8.676927332067991e3-2.746356599529749i);
t20 = -t27;
t21 = t3.*t4.*(8.676927332067991e3+4.124494376726333i);
t22 = -t9-t11+t20+t21+1.513943111786039e1-4.783200538524987e4i;
t23 = 1.0./t22;
t24 = t3.*t4.*(8.676927332067991e3-4.124494376726333i);
t25 = t9+t11+t19+t24+-1.513943111786039e1-4.783200538524987e4i;
t26 = 1.0./t25;
t28 = t3.*t4.*(-8.987568182232617e3-4.803644310461207i);
t29 = t3.*t4.*(8.987568182232617e3-4.803644310461207i);
t30 = t9+t11+t19+t29+1.078160973281838e7-7.481626607136763e4i;
t31 = 1.0./t30;
t32 = t5+2.736437644666331-1.735385466413598e4i;
t33 = 1.0./t32;
t34 = t2.*t4.*(8.366286481903366e3-3.425506533264623i);
t35 = t3.*t4.*(8.05564563173874e3-5.48279424419608i);
t36 = t9+t11+t34+t35+-1.039566957084708e7-6.459102441445588e4i;
t37 = 1.0./t36;
t38 = t5+2.736437644666331+1.735385466413598e4i;
t39 = 1.0./t38;
t40 = t2.*t4.*(8.366286481903366e3+3.425506533264623i);
t41 = t3.*t4.*(8.05564563173874e3+5.48279424419608i);
t42 = -t9-t11+t40+t41+1.039566957084708e7-6.459102441445588e4i;
t43 = 1.0./t42;
t44 = t2.*t4.*(8.05564563173874e3-2.746356599529749i);
t45 = t3.*t4.*(7.745004781574115e3-4.803644310461207i);
t46 = t9+t11+t44+t45+-1.000967303085583e7-6.287860085144654e4i;
t47 = 1.0./t46;
t48 = t2.*t4.*(8.05564563173874e3+2.746356599529749i);
t49 = t3.*t4.*(7.745004781574115e3+4.803644310461207i);
t50 = -t9-t11+t48+t49+1.000967303085583e7-6.287860085144654e4i;
t51 = 1.0./t50;
t52 = t2.*t4.*(-8.987568182232617e3-3.425506533264623i);
t53 = t3.*t4.*(-9.298209032397242e3-5.48279424419608i);
t54 = t9+t11+t52+t53+1.116759509515514e7+7.821646333681417e4i;
t55 = 1.0./t54;
t56 = t2.*t4.*(8.987568182232617e3-3.425506533264623i);
t57 = t3.*t4.*(9.298209032397242e3-5.48279424419608i);
t58 = t9+t11+t56+t57+1.116759509515514e7-7.821646333681417e4i;
t59 = 1.0./t58;
t60 = t3.*t4.*(8.366286481903366e3+6.161944177930954i);
t61 = -t9-t11+t40+t60+3.749474011870309e1-9.157528510057364e4i;
t62 = 1.0./t61;
t63 = t3.*t4.*(8.366286481903366e3-6.161944177930954i);
t64 = t9+t11+t34+t63+-3.749474011870309e1-9.157528510057364e4i;
t65 = 1.0./t64;
t66 = t2.*t4.*(8.676927332067991e3+4.104656466999496i);
t67 = t3.*t4.*(8.676927332067991e3+6.841094111665827i);
t68 = -t9-t11+t66+t67+4.49285458988821e1-9.497548236602018e4i;
t69 = 1.0./t68;
t70 = t2.*t4.*(8.676927332067991e3-4.104656466999496i);
t71 = t3.*t4.*(8.676927332067991e3-6.841094111665827i);
t72 = t9+t11+t70+t71+-4.49285458988821e1-9.497548236602018e4i;
t73 = 1.0./t72;
out1 = (t14.*(1.278097912327642e-2+8.35516225311906e1i))./(-t9+t10-t11+t12+1.139558239761805e1-4.611958182224053e4i)+(t14.*(1.278097912327642e-2-7.730417632449156e-2i))./(t9+t11+t28+t2.*t4.*(-8.676927332067991e3-2.746356599529749i)+1.078160973281838e7+7.481626607136763e4i)+t7.*t18.*(-1.278097912327642e-2+8.35516225311906e1i)+t7.*t23.*(1.278097912327642e-2-7.730417632449156e-2i)+t14.*t18.*(1.278097912327642e-2-8.35516225311906e1i)+t7.*t26.*(1.278097912327642e-2+7.730417632449156e-2i)+t14.*t23.*(-1.278097912327642e-2+7.730417632449156e-2i)+t7.*t31.*(1.278097912327642e-2+7.730417632449156e-2i)+t14.*t26.*(-1.278097912327642e-2-7.730417632449156e-2i)+t7.*t43.*(-2.94893957754025e-5-6.801842975773529e-2i)+t14.*t37.*(2.94893957754025e-5-6.801842975773529e-2i)+t7.*t51.*(-1.283273138624067e-2-9.436351905309346e-3i)+t14.*t47.*(1.283273138624067e-2-9.436351905309346e-3i)+t7.*t59.*(8.124165873965322e-5+1.506053385530721e-4i)+t14.*t55.*(8.124165873965322e-5-1.506053385530721e-4i)+t31.*t39.*(-1.278097912327642e-2-7.730417632449156e-2i)+t33.*t37.*(-2.94893957754025e-5+6.801842975773529e-2i)+t33.*t47.*(-1.283273138624067e-2+9.436351905309346e-3i)+t39.*t43.*(2.94893957754025e-5+6.801842975773529e-2i)+t33.*t55.*(-8.124165873965322e-5+1.506053385530721e-4i)+t39.*t51.*(1.283273138624067e-2+9.436351905309346e-3i)+t33.*t62.*(-2.94893957754025e-5-6.801842975773529e-2i)+t33.*t65.*(-2.94893957754025e-5+6.801842975773529e-2i)+t39.*t59.*(-8.124165873965322e-5-1.506053385530721e-4i)+t39.*t62.*(2.94893957754025e-5+6.801842975773529e-2i)+t33.*t69.*(2.94893957754025e-5-1.960563415500684e-3i)+t39.*t65.*(2.94893957754025e-5-6.801842975773529e-2i)+t33.*t73.*(2.94893957754025e-5+1.960563415500684e-3i)+t39.*t69.*(-2.94893957754025e-5+1.960563415500684e-3i)+t39.*t73.*(-2.94893957754025e-5-1.960563415500684e-3i)+(t7.*(-1.278097912327642e-2-8.35516225311906e1i))./(t8.*(-1.0./2.0)+t10+t12-t2.*t3.*(1.0./2.0)+1.139558239761805e1-4.611958182224053e4i)+(t33.*(-1.278097912327642e-2+7.730417632449156e-2i))./(t9+t11+t27+t28+1.078160973281838e7+7.481626607136763e4i);
